17605
8889
2601
5078
7012
6664
15341
6665
9287
14035
7703
2875
16709
19277
9661
19969
5138
12739
19241
8922
19720
9934
3856
7477
14424
18977
6903
14267
7934
14281
8129
4558
13124
4620
14186
9263
12022
2509
15000
4298
11716
14244
8442
16900
2595
16310
17672
8392
8334
16703
9978
9680
10466
5250
19723
6618
18752
18950
2602
15801
14013
19492
9480
10896
4891
3382
14182
19543
14175
17449
5129
9869
2668
12441
17761
7999
3936
2859
14874
14052
8344
9718
6492
8377
16064
10551
5005
18031
4383
5349
16838
11890
10299
16071
18693
18352
11283
11172
11168
12123
11296
10833
4708
14184
5774
14157
13435
2586
4906
11338
13109
17012
10772
11823
4911
9661
8572
7391
8320
5406
19688
10346
19343
19614
16518
14539
13064
16451
18800
17464
17285
12558
12908
4785
10812
16480
14352
9836
11874
10751
12181
2794
3162
18457
3021
13944
10892
6492
4111
13380
19515
13284
2026
11077
8206
14601
5467
7303
5066
16203
15555
15441
18571
11997
12030
14187
13282
7803
5071
6270
12141
16915
4576
11616
7795
16720
3192
10957
12822
14438
18592
10207
3774
11029
13926
2741
6754
3368
14402
16877
12366
10471
14111
13480
9138
16035
10682
7370
17255
9400
4395
3271
6757
12280
6918
15594
18895
14347
2427
13113
8417
14647
17979
19541
2882
3994
17398
14934
15364
11779
19286
4959
6513
15395
2286
7475
8155
7857
15245
4303
8715
4624
17099
17463
5555
13101
19138
7502
9193
4269
19003
12975
7369
19369
6273
7664
15815
17425
7129
16904
13968
11168
13337
18103
5311
14931
10351
5361
14563
10742
8214
5306
8705
18356
9319
8932
10032
14987
6895
8481
10557
17445
19321
3011
15387
11825
17839
4025
5248
18954
2376
19104
15929
14769
2631
17652
6102
8529
5275
9932
16227
10158
3395
11701
10140
14746
7207
14924
13911
5055
18739
5075
16485
15802
12274
17422
11702
11521
11933
15048
5425
11530
15038
9877
12933
12929
13089
2977
2550
15178
16003
11492
12748
11647
16189
15812
15725
13946
16278
3806
11663
13601
10294
4416
17366
4147
14073
16785
13118
17114
5447
5657
3769
11890
8764
19573
2695
7491
11596
8970
17285
10207
19724
18410
17710
12363
18648
17865
18437
10345
8711
16773
19264
15102
13596